   0.10500E-01   0.10767E+02   0.10767E+02   0.10767E+02
   0.11003E-01   0.10808E+02   0.10808E+02   0.10808E+02
   0.11505E-01   0.10899E+02   0.10899E+02   0.10899E+02
   0.12007E-01   0.10958E+02   0.10958E+02   0.10958E+02
   0.12509E-01   0.10997E+02   0.10997E+02   0.10997E+02
   0.12999E-01   0.11024E+02   0.11024E+02   0.11024E+02
   0.13502E-01   0.11065E+02   0.11065E+02   0.11065E+02
   0.14003E-01   0.11106E+02   0.11106E+02   0.11106E+02
   0.14504E-01   0.11178E+02   0.11178E+02   0.11178E+02
   0.15005E-01   0.11236E+02   0.11236E+02   0.11236E+02
   0.15507E-01   0.11284E+02   0.11283E+02   0.11284E+02
   0.16008E-01   0.11320E+02   0.11320E+02   0.11320E+02
   0.16511E-01   0.11368E+02   0.11368E+02   0.11368E+02
   0.17012E-01   0.11421E+02   0.11421E+02   0.11421E+02
   0.17514E-01   0.11476E+02   0.11476E+02   0.11476E+02
   0.18015E-01   0.11527E+02   0.11527E+02   0.11527E+02
   0.18516E-01   0.11573E+02   0.11573E+02   0.11573E+02
   0.19018E-01   0.11600E+02   0.11600E+02   0.11600E+02
   0.19519E-01   0.11636E+02   0.11636E+02   0.11636E+02
   0.20019E-01   0.11667E+02   0.11668E+02   0.11667E+02
   0.20521E-01   0.11707E+02   0.11707E+02   0.11707E+02
   0.21023E-01   0.11757E+02   0.11757E+02   0.11756E+02
   0.21527E-01   0.11790E+02   0.11790E+02   0.11790E+02
   0.22027E-01   0.11816E+02   0.11817E+02   0.11817E+02
   0.22527E-01   0.11839E+02   0.11839E+02   0.11839E+02
   0.23029E-01   0.11852E+02   0.11852E+02   0.11852E+02
   0.23529E-01   0.11888E+02   0.11887E+02   0.11887E+02
   0.24032E-01   0.11909E+02   0.11909E+02   0.11909E+02
   0.24534E-01   0.11951E+02   0.11951E+02   0.11951E+02
   0.25035E-01   0.11988E+02   0.11987E+02   0.11987E+02
   0.25538E-01   0.12010E+02   0.12010E+02   0.12010E+02
   0.26041E-01   0.12034E+02   0.12034E+02   0.12034E+02
   0.26542E-01   0.12048E+02   0.12047E+02   0.12048E+02
   0.27045E-01   0.12074E+02   0.12073E+02   0.12073E+02
   0.27547E-01   0.12090E+02   0.12090E+02   0.12090E+02
   0.27889E-01   0.12093E+02   0.12092E+02   0.12092E+02
   0.28391E-01   0.12109E+02   0.12108E+02   0.12109E+02
   0.28891E-01   0.12135E+02   0.12134E+02   0.12134E+02
   0.29393E-01   0.12162E+02   0.12161E+02   0.12161E+02
   0.29895E-01   0.12169E+02   0.12168E+02   0.12168E+02
   0.30396E-01   0.12190E+02   0.12188E+02   0.12189E+02
   0.30897E-01   0.12217E+02   0.12216E+02   0.12217E+02
   0.31398E-01   0.12244E+02   0.12242E+02   0.12243E+02
   0.31902E-01   0.12254E+02   0.12251E+02   0.12253E+02
   0.32404E-01   0.12264E+02   0.12261E+02   0.12263E+02
   0.32908E-01   0.12280E+02   0.12277E+02   0.12279E+02
   0.33411E-01   0.12314E+02   0.12310E+02   0.12313E+02
   0.33913E-01   0.12354E+02   0.12349E+02   0.12351E+02
   0.34414E-01   0.12374E+02   0.12368E+02   0.12371E+02
   0.34917E-01   0.12371E+02   0.12364E+02   0.12367E+02
   0.35418E-01   0.12387E+02   0.12380E+02   0.12384E+02
   0.35921E-01   0.12422E+02   0.12414E+02   0.12418E+02
   0.36425E-01   0.12454E+02   0.12446E+02   0.12450E+02
   0.36927E-01   0.12473E+02   0.12464E+02   0.12468E+02
   0.37429E-01   0.12469E+02   0.12460E+02   0.12464E+02
   0.37931E-01   0.12483E+02   0.12473E+02   0.12477E+02
   0.38432E-01   0.12512E+02   0.12502E+02   0.12507E+02
   0.38935E-01   0.12548E+02   0.12538E+02   0.12543E+02
   0.39439E-01   0.12560E+02   0.12548E+02   0.12553E+02
   0.39941E-01   0.12544E+02   0.12533E+02   0.12538E+02
   0.40442E-01   0.12559E+02   0.12547E+02   0.12553E+02
   0.40943E-01   0.12584E+02   0.12571E+02   0.12578E+02
   0.41446E-01   0.12606E+02   0.12592E+02   0.12599E+02
   0.41948E-01   0.12596E+02   0.12579E+02   0.12586E+02
   0.42448E-01   0.12585E+02   0.12567E+02   0.12575E+02
   0.42951E-01   0.12599E+02   0.12583E+02   0.12591E+02
   0.43453E-01   0.12624E+02   0.12610E+02   0.12618E+02
   0.43955E-01   0.12650E+02   0.12636E+02   0.12644E+02
   0.44456E-01   0.12679E+02   0.12666E+02   0.12674E+02
   0.44956E-01   0.12710E+02   0.12696E+02   0.12704E+02
   0.45458E-01   0.12739E+02   0.12726E+02   0.12735E+02
   0.45961E-01   0.12765E+02   0.12753E+02   0.12762E+02
   0.46463E-01   0.12770E+02   0.12760E+02   0.12770E+02
   0.46965E-01   0.12782E+02   0.12772E+02   0.12782E+02
   0.47465E-01   0.12791E+02   0.12782E+02   0.12792E+02
   0.47968E-01   0.12792E+02   0.12782E+02   0.12792E+02
   0.48470E-01   0.12806E+02   0.12794E+02   0.12804E+02
   0.48971E-01   0.12834E+02   0.12821E+02   0.12831E+02
   0.49471E-01   0.12869E+02   0.12855E+02   0.12865E+02
   0.49972E-01   0.12894E+02   0.12881E+02   0.12892E+02
   0.50473E-01   0.12880E+02   0.12869E+02   0.12884E+02
   0.50976E-01   0.12878E+02   0.12864E+02   0.12877E+02
   0.51127E-01   0.12880E+02   0.12866E+02   0.12879E+02
   0.51630E-01   0.12886E+02   0.12870E+02   0.12882E+02
   0.52132E-01   0.12897E+02   0.12880E+02   0.12892E+02
   0.52636E-01   0.12913E+02   0.12897E+02   0.12908E+02
   0.53138E-01   0.12935E+02   0.12918E+02   0.12929E+02
   0.53640E-01   0.12961E+02   0.12944E+02   0.12954E+02
   0.54142E-01   0.12985E+02   0.12968E+02   0.12977E+02
   0.54646E-01   0.13006E+02   0.12989E+02   0.12998E+02
   0.55147E-01   0.13028E+02   0.13011E+02   0.13020E+02
   0.55647E-01   0.13054E+02   0.13037E+02   0.13045E+02
   0.56148E-01   0.13079E+02   0.13061E+02   0.13070E+02
   0.56651E-01   0.13099E+02   0.13082E+02   0.13091E+02
   0.57152E-01   0.13113E+02   0.13096E+02   0.13105E+02
   0.57654E-01   0.13125E+02   0.13107E+02   0.13117E+02
   0.58156E-01   0.13135E+02   0.13117E+02   0.13127E+02
   0.58658E-01   0.13147E+02   0.13123E+02   0.13131E+02
   0.59160E-01   0.13142E+02   0.13118E+02   0.13128E+02
   0.59661E-01   0.13140E+02   0.13122E+02   0.13134E+02
   0.60163E-01   0.13150E+02   0.13135E+02   0.13147E+02
   0.60664E-01   0.13159E+02   0.13144E+02   0.13158E+02
   0.61167E-01   0.13173E+02   0.13159E+02   0.13172E+02
   0.61670E-01   0.13190E+02   0.13176E+02   0.13189E+02
   0.62171E-01   0.13209E+02   0.13194E+02   0.13208E+02
   0.62673E-01   0.13228E+02   0.13213E+02   0.13228E+02
   0.63175E-01   0.13246E+02   0.13231E+02   0.13246E+02
   0.63675E-01   0.13261E+02   0.13246E+02   0.13261E+02
   0.64176E-01   0.13272E+02   0.13256E+02   0.13272E+02
   0.64677E-01   0.13281E+02   0.13264E+02   0.13280E+02
   0.65177E-01   0.13288E+02   0.13272E+02   0.13288E+02
   0.65678E-01   0.13299E+02   0.13281E+02   0.13298E+02
   0.66179E-01   0.13307E+02   0.13293E+02   0.13311E+02
   0.66680E-01   0.13310E+02   0.13299E+02   0.13318E+02
   0.67182E-01   0.13318E+02   0.13304E+02   0.13321E+02
   0.67683E-01   0.13332E+02   0.13314E+02   0.13328E+02
   0.68183E-01   0.13345E+02   0.13324E+02   0.13338E+02
   0.68685E-01   0.13356E+02   0.13335E+02   0.13348E+02
   0.69186E-01   0.13365E+02   0.13343E+02   0.13357E+02
   0.69687E-01   0.13379E+02   0.13356E+02   0.13370E+02
   0.69998E-01   0.13390E+02   0.13367E+02   0.13381E+02
   0.70500E-01   0.13407E+02   0.13383E+02   0.13397E+02
   0.71002E-01   0.13422E+02   0.13399E+02   0.13413E+02
   0.71502E-01   0.13426E+02   0.13402E+02   0.13417E+02
   0.72003E-01   0.13429E+02   0.13404E+02   0.13420E+02
   0.72504E-01   0.13443E+02   0.13419E+02   0.13435E+02
   0.73004E-01   0.13454E+02   0.13429E+02   0.13446E+02
   0.73505E-01   0.13466E+02   0.13441E+02   0.13458E+02
   0.74005E-01   0.13481E+02   0.13456E+02   0.13473E+02
   0.74505E-01   0.13496E+02   0.13471E+02   0.13488E+02
   0.75008E-01   0.13507E+02   0.13483E+02   0.13502E+02
   0.75509E-01   0.13516E+02   0.13491E+02   0.13511E+02
   0.76009E-01   0.13523E+02   0.13499E+02   0.13518E+02
   0.76510E-01   0.13534E+02   0.13509E+02   0.13528E+02
   0.77010E-01   0.13550E+02   0.13524E+02   0.13544E+02
   0.77511E-01   0.13570E+02   0.13543E+02   0.13562E+02
   0.78011E-01   0.13592E+02   0.13565E+02   0.13584E+02
   0.78513E-01   0.13614E+02   0.13586E+02   0.13606E+02
   0.79013E-01   0.13632E+02   0.13604E+02   0.13624E+02
   0.79515E-01   0.13647E+02   0.13619E+02   0.13639E+02
   0.80017E-01   0.13658E+02   0.13629E+02   0.13649E+02
   0.80519E-01   0.13667E+02   0.13637E+02   0.13657E+02
   0.81019E-01   0.13676E+02   0.13645E+02   0.13665E+02
   0.81520E-01   0.13686E+02   0.13655E+02   0.13675E+02
   0.81779E-01   0.13692E+02   0.13661E+02   0.13681E+02
   0.82279E-01   0.13703E+02   0.13672E+02   0.13692E+02
   0.82781E-01   0.13715E+02   0.13683E+02   0.13704E+02
   0.83282E-01   0.13726E+02   0.13695E+02   0.13715E+02
   0.83785E-01   0.13738E+02   0.13707E+02   0.13728E+02
   0.84286E-01   0.13751E+02   0.13720E+02   0.13739E+02
   0.84786E-01   0.13763E+02   0.13731E+02   0.13752E+02
   0.85287E-01   0.13776E+02   0.13744E+02   0.13765E+02
   0.85787E-01   0.13790E+02   0.13757E+02   0.13779E+02
   0.86288E-01   0.13802E+02   0.13770E+02   0.13791E+02
   0.86790E-01   0.13814E+02   0.13783E+02   0.13805E+02
   0.87292E-01   0.13828E+02   0.13796E+02   0.13818E+02
   0.87794E-01   0.13841E+02   0.13809E+02   0.13832E+02
   0.88298E-01   0.13854E+02   0.13822E+02   0.13845E+02
   0.88801E-01   0.13868E+02   0.13836E+02   0.13858E+02
   0.89303E-01   0.13881E+02   0.13848E+02   0.13870E+02
   0.89805E-01   0.13895E+02   0.13861E+02   0.13883E+02
   0.90306E-01   0.13909E+02   0.13874E+02   0.13896E+02
   0.90808E-01   0.13923E+02   0.13886E+02   0.13909E+02
   0.91311E-01   0.13936E+02   0.13899E+02   0.13921E+02
   0.92283E-01   0.13961E+02   0.13922E+02   0.13944E+02
   0.92784E-01   0.13974E+02   0.13934E+02   0.13955E+02
   0.93285E-01   0.13989E+02   0.13948E+02   0.13969E+02
   0.93788E-01   0.14002E+02   0.13961E+02   0.13981E+02
   0.94289E-01   0.14015E+02   0.13973E+02   0.13993E+02
   0.94790E-01   0.14027E+02   0.13985E+02   0.14005E+02
   0.95292E-01   0.14038E+02   0.13996E+02   0.14016E+02
   0.95793E-01   0.14047E+02   0.14005E+02   0.14025E+02
   0.96295E-01   0.14059E+02   0.14015E+02   0.14037E+02
   0.96797E-01   0.14070E+02   0.14026E+02   0.14048E+02
   0.97299E-01   0.14081E+02   0.14037E+02   0.14059E+02
   0.97799E-01   0.14092E+02   0.14047E+02   0.14071E+02
   0.98303E-01   0.14103E+02   0.14058E+02   0.14082E+02
   0.98804E-01   0.14111E+02   0.14066E+02   0.14091E+02
   0.99306E-01   0.14123E+02   0.14078E+02   0.14105E+02
   0.99806E-01   0.14140E+02   0.14093E+02   0.14121E+02
   0.10031E+00   0.14155E+02   0.14108E+02   0.14135E+02
   0.10081E+00   0.14168E+02   0.14121E+02   0.14147E+02
   0.10131E+00   0.14181E+02   0.14134E+02   0.14159E+02
   0.10181E+00   0.14192E+02   0.14145E+02   0.14170E+02
   0.10232E+00   0.14203E+02   0.14154E+02   0.14180E+02
   0.10243E+00   0.14206E+02   0.14157E+02   0.14182E+02
   0.10293E+00   0.14218E+02   0.14168E+02   0.14193E+02
   0.10344E+00   0.14230E+02   0.14179E+02   0.14204E+02
   0.10394E+00   0.14243E+02   0.14191E+02   0.14216E+02
   0.10444E+00   0.14256E+02   0.14203E+02   0.14228E+02
   0.10494E+00   0.14268E+02   0.14214E+02   0.14239E+02
   0.10544E+00   0.14280E+02   0.14226E+02   0.14250E+02
   0.10594E+00   0.14292E+02   0.14237E+02   0.14261E+02
   0.10644E+00   0.14304E+02   0.14250E+02   0.14273E+02
   0.10695E+00   0.14316E+02   0.14262E+02   0.14286E+02
   0.10793E+00   0.14350E+02   0.14296E+02   0.14318E+02
   0.10844E+00   0.14362E+02   0.14309E+02   0.14331E+02
   0.10894E+00   0.14374E+02   0.14322E+02   0.14345E+02
   0.10944E+00   0.14385E+02   0.14335E+02   0.14358E+02
   0.10994E+00   0.14398E+02   0.14349E+02   0.14372E+02
   0.11044E+00   0.14411E+02   0.14364E+02   0.14387E+02
   0.11094E+00   0.14424E+02   0.14378E+02   0.14401E+02
   0.11144E+00   0.14437E+02   0.14391E+02   0.14413E+02
   0.11194E+00   0.14450E+02   0.14404E+02   0.14426E+02
   0.11244E+00   0.14464E+02   0.14416E+02   0.14439E+02
   0.11294E+00   0.14476E+02   0.14428E+02   0.14450E+02
   0.11344E+00   0.14491E+02   0.14438E+02   0.14460E+02
   0.11394E+00   0.14505E+02   0.14448E+02   0.14471E+02
   0.11444E+00   0.14516E+02   0.14460E+02   0.14482E+02
   0.11495E+00   0.14528E+02   0.14472E+02   0.14493E+02
   0.11545E+00   0.14540E+02   0.14484E+02   0.14504E+02
   0.11595E+00   0.14553E+02   0.14495E+02   0.14514E+02
   0.11628E+00   0.14561E+02   0.14503E+02   0.14522E+02
   0.11678E+00   0.14573E+02   0.14515E+02   0.14533E+02
   0.11728E+00   0.14585E+02   0.14528E+02   0.14545E+02
   0.11778E+00   0.14597E+02   0.14538E+02   0.14555E+02
   0.11828E+00   0.14609E+02   0.14549E+02   0.14565E+02
   0.11878E+00   0.14620E+02   0.14560E+02   0.14575E+02
   0.11928E+00   0.14630E+02   0.14571E+02   0.14584E+02
   0.11979E+00   0.14638E+02   0.14579E+02   0.14592E+02
   0.12029E+00   0.14647E+02   0.14588E+02   0.14599E+02
   0.12079E+00   0.14655E+02   0.14594E+02   0.14605E+02
   0.12128E+00   0.14662E+02   0.14600E+02   0.14610E+02
   0.12178E+00   0.14670E+02   0.14607E+02   0.14618E+02
   0.12228E+00   0.14679E+02   0.14616E+02   0.14626E+02
   0.12278E+00   0.14687E+02   0.14622E+02   0.14633E+02
   0.12329E+00   0.14696E+02   0.14629E+02   0.14640E+02
   0.12379E+00   0.14705E+02   0.14635E+02   0.14646E+02
   0.12429E+00   0.14713E+02   0.14641E+02   0.14651E+02
   0.12479E+00   0.14723E+02   0.14650E+02   0.14660E+02
   0.12529E+00   0.14734E+02   0.14659E+02   0.14670E+02
   0.12579E+00   0.14747E+02   0.14670E+02   0.14682E+02
   0.12678E+00   0.14779E+02   0.14697E+02   0.14707E+02
   0.12728E+00   0.14795E+02   0.14709E+02   0.14716E+02
   0.12778E+00   0.14809E+02   0.14721E+02   0.14725E+02
   0.12829E+00   0.14822E+02   0.14735E+02   0.14735E+02
   0.12879E+00   0.14833E+02   0.14747E+02   0.14744E+02
   0.12929E+00   0.14844E+02   0.14759E+02   0.14754E+02
   0.12979E+00   0.14859E+02   0.14771E+02   0.14765E+02
   0.13029E+00   0.14880E+02   0.14783E+02   0.14775E+02
   0.13079E+00   0.14899E+02   0.14795E+02   0.14786E+02
   0.13178E+00   0.14931E+02   0.14819E+02   0.14809E+02
   0.13228E+00   0.14943E+02   0.14828E+02   0.14819E+02
   0.13278E+00   0.14957E+02   0.14837E+02   0.14830E+02
   0.13328E+00   0.14972E+02   0.14846E+02   0.14839E+02
   0.13378E+00   0.14985E+02   0.14851E+02   0.14847E+02
   0.13428E+00   0.14999E+02   0.14857E+02   0.14856E+02
   0.13479E+00   0.15013E+02   0.14864E+02   0.14864E+02
   0.13529E+00   0.15025E+02   0.14870E+02   0.14870E+02
   0.13579E+00   0.15037E+02   0.14875E+02   0.14877E+02
   0.13678E+00   0.15059E+02   0.14885E+02   0.14891E+02
   0.13728E+00   0.15066E+02   0.14894E+02   0.14902E+02
   0.13778E+00   0.15074E+02   0.14906E+02   0.14917E+02
   0.13828E+00   0.15084E+02   0.14922E+02   0.14935E+02
   0.13878E+00   0.15097E+02   0.14936E+02   0.14951E+02
   0.13928E+00   0.15112E+02   0.14949E+02   0.14967E+02
   0.13979E+00   0.15126E+02   0.14959E+02   0.14983E+02
   0.14029E+00   0.15137E+02   0.14970E+02   0.14999E+02
   0.14079E+00   0.15148E+02   0.14981E+02   0.15016E+02
   0.14178E+00   0.15172E+02   0.15011E+02   0.15048E+02
   0.14228E+00   0.15183E+02   0.15028E+02   0.15062E+02
   0.14279E+00   0.15193E+02   0.15044E+02   0.15078E+02
   0.14329E+00   0.15204E+02   0.15061E+02   0.15093E+02
   0.14379E+00   0.15213E+02   0.15085E+02   0.15110E+02
   0.14429E+00   0.15221E+02   0.15113E+02   0.15132E+02
   0.14479E+00   0.15226E+02   0.15139E+02   0.15152E+02
   0.14529E+00   0.15228E+02   0.15158E+02   0.15169E+02
   0.14579E+00   0.15227E+02   0.15173E+02   0.15183E+02
   0.14678E+00   0.15214E+02   0.15190E+02   0.15201E+02
   0.14729E+00   0.15204E+02   0.15192E+02   0.15207E+02
   0.14779E+00   0.15194E+02   0.15202E+02   0.15219E+02
   0.14829E+00   0.15186E+02   0.15220E+02   0.15241E+02
   0.14879E+00   0.15185E+02   0.15241E+02   0.15268E+02
   0.14929E+00   0.15193E+02   0.15261E+02   0.15295E+02
   0.14979E+00   0.15206E+02   0.15275E+02   0.15315E+02
   0.15029E+00   0.15218E+02   0.15285E+02   0.15332E+02
   0.15079E+00   0.15228E+02   0.15291E+02   0.15346E+02
   0.15179E+00   0.15258E+02   0.15291E+02   0.15367E+02
   0.15229E+00   0.15284E+02   0.15291E+02   0.15370E+02
   0.15279E+00   0.15310E+02   0.15295E+02   0.15366E+02
   0.15329E+00   0.15331E+02   0.15306E+02   0.15360E+02
   0.15379E+00   0.15347E+02   0.15320E+02   0.15351E+02
   0.15429E+00   0.15358E+02   0.15329E+02   0.15338E+02
   0.15479E+00   0.15365E+02   0.15332E+02   0.15322E+02
   0.15529E+00   0.15380E+02   0.15336E+02   0.15313E+02
   0.15579E+00   0.15404E+02   0.15341E+02   0.15314E+02
   0.15679E+00   0.15454E+02   0.15350E+02   0.15332E+02
   0.15729E+00   0.15476E+02   0.15356E+02   0.15338E+02
   0.15779E+00   0.15492E+02   0.15364E+02   0.15347E+02
   0.15829E+00   0.15503E+02   0.15370E+02   0.15354E+02
   0.15879E+00   0.15519E+02   0.15380E+02   0.15366E+02
   0.15929E+00   0.15541E+02   0.15396E+02   0.15384E+02
   0.15979E+00   0.15556E+02   0.15417E+02   0.15400E+02
   0.15987E+00   0.15557E+02   0.15421E+02   0.15403E+02
   0.16037E+00   0.15558E+02   0.15445E+02   0.15417E+02
   0.16087E+00   0.15559E+02   0.15466E+02   0.15428E+02
   0.16137E+00   0.15564E+02   0.15477E+02   0.15431E+02
   0.16187E+00   0.15565E+02   0.15473E+02   0.15427E+02
   0.16237E+00   0.15560E+02   0.15472E+02   0.15432E+02
   0.16288E+00   0.15558E+02   0.15487E+02   0.15456E+02
   0.16338E+00   0.15566E+02   0.15518E+02   0.15494E+02
   0.16388E+00   0.15570E+02   0.15543E+02   0.15524E+02
   0.16438E+00   0.15567E+02   0.15559E+02   0.15543E+02
   0.16488E+00   0.15560E+02   0.15579E+02   0.15559E+02
   0.16519E+00   0.15559E+02   0.15597E+02   0.15573E+02
   0.16569E+00   0.15570E+02   0.15627E+02   0.15602E+02
   0.16619E+00   0.15589E+02   0.15644E+02   0.15625E+02
   0.16669E+00   0.15598E+02   0.15652E+02   0.15638E+02
   0.16719E+00   0.15602E+02   0.15656E+02   0.15646E+02
   0.16769E+00   0.15610E+02   0.15658E+02   0.15649E+02
   0.16819E+00   0.15626E+02   0.15653E+02   0.15649E+02
   0.16869E+00   0.15642E+02   0.15637E+02   0.15643E+02
   0.16919E+00   0.15660E+02   0.15620E+02   0.15631E+02
   0.16969E+00   0.15680E+02   0.15609E+02   0.15625E+02
   0.17020E+00   0.15709E+02   0.15605E+02   0.15631E+02
   0.17059E+00   0.15731E+02   0.15602E+02   0.15634E+02
   0.17109E+00   0.15752E+02   0.15595E+02   0.15630E+02
   0.17159E+00   0.15773E+02   0.15590E+02   0.15622E+02
   0.17209E+00   0.15800E+02   0.15588E+02   0.15622E+02
   0.17259E+00   0.15821E+02   0.15591E+02   0.15631E+02
   0.17310E+00   0.15832E+02   0.15601E+02   0.15644E+02
   0.17360E+00   0.15845E+02   0.15616E+02   0.15654E+02
   0.17410E+00   0.15865E+02   0.15637E+02   0.15664E+02
   0.17460E+00   0.15896E+02   0.15666E+02   0.15682E+02
   0.17510E+00   0.15926E+02   0.15700E+02   0.15705E+02
   0.17560E+00   0.15957E+02   0.15734E+02   0.15727E+02
   0.17610E+00   0.15985E+02   0.15768E+02   0.15743E+02
   0.17625E+00   0.15991E+02   0.15779E+02   0.15748E+02
   0.17675E+00   0.16005E+02   0.15809E+02   0.15763E+02
   0.17725E+00   0.16009E+02   0.15832E+02   0.15771E+02
   0.17775E+00   0.16003E+02   0.15851E+02   0.15768E+02
   0.17825E+00   0.15996E+02   0.15863E+02   0.15764E+02
   0.17875E+00   0.15985E+02   0.15868E+02   0.15770E+02
   0.17926E+00   0.15973E+02   0.15880E+02   0.15784E+02
   0.17976E+00   0.15970E+02   0.15906E+02   0.15806E+02
   0.18026E+00   0.15977E+02   0.15935E+02   0.15834E+02
   0.18076E+00   0.15981E+02   0.15956E+02   0.15869E+02
   0.18126E+00   0.15983E+02   0.15968E+02   0.15907E+02
   0.18176E+00   0.15997E+02   0.15975E+02   0.15944E+02
   0.18189E+00   0.16004E+02   0.15976E+02   0.15951E+02
   0.18239E+00   0.16034E+02   0.15975E+02   0.15971E+02
   0.18289E+00   0.16057E+02   0.15961E+02   0.15973E+02
   0.18339E+00   0.16066E+02   0.15949E+02   0.15971E+02
   0.18389E+00   0.16067E+02   0.15941E+02   0.15971E+02
   0.18439E+00   0.16069E+02   0.15929E+02   0.15969E+02
   0.18489E+00   0.16073E+02   0.15909E+02   0.15962E+02
   0.18539E+00   0.16082E+02   0.15892E+02   0.15962E+02
   0.18589E+00   0.16090E+02   0.15887E+02   0.15972E+02
   0.18639E+00   0.16102E+02   0.15897E+02   0.15989E+02
   0.18689E+00   0.16119E+02   0.15912E+02   0.16007E+02
   0.18723E+00   0.16132E+02   0.15922E+02   0.16019E+02
   0.18773E+00   0.16154E+02   0.15938E+02   0.16035E+02
   0.18823E+00   0.16178E+02   0.15963E+02   0.16053E+02
   0.18873E+00   0.16205E+02   0.15999E+02   0.16070E+02
   0.18923E+00   0.16226E+02   0.16040E+02   0.16081E+02
   0.18974E+00   0.16239E+02   0.16069E+02   0.16086E+02
   0.19024E+00   0.16245E+02   0.16084E+02   0.16080E+02
   0.19074E+00   0.16243E+02   0.16092E+02   0.16069E+02
   0.19124E+00   0.16232E+02   0.16095E+02   0.16058E+02
   0.19174E+00   0.16214E+02   0.16101E+02   0.16054E+02
   0.19224E+00   0.16198E+02   0.16116E+02   0.16064E+02
   0.19274E+00   0.16189E+02   0.16141E+02   0.16083E+02
   0.19324E+00   0.16182E+02   0.16166E+02   0.16102E+02
   0.19374E+00   0.16176E+02   0.16190E+02   0.16118E+02
   0.19424E+00   0.16176E+02   0.16214E+02   0.16134E+02
   0.19474E+00   0.16185E+02   0.16234E+02   0.16148E+02
   0.19524E+00   0.16198E+02   0.16243E+02   0.16160E+02
   0.19574E+00   0.16210E+02   0.16235E+02   0.16166E+02
   0.19624E+00   0.16222E+02   0.16215E+02   0.16171E+02
   0.19674E+00   0.16230E+02   0.16190E+02   0.16176E+02
   0.19725E+00   0.16228E+02   0.16165E+02   0.16181E+02
   0.19775E+00   0.16222E+02   0.16137E+02   0.16187E+02
   0.19792E+00   0.16221E+02   0.16128E+02   0.16189E+02
   0.19842E+00   0.16224E+02   0.16104E+02   0.16201E+02
   0.19892E+00   0.16232E+02   0.16082E+02   0.16212E+02
   0.19942E+00   0.16241E+02   0.16061E+02   0.16221E+02
   0.19992E+00   0.16254E+02   0.16040E+02   0.16224E+02
   0.20042E+00   0.16268E+02   0.16022E+02   0.16226E+02
   0.20092E+00   0.16280E+02   0.16008E+02   0.16230E+02
   0.20142E+00   0.16299E+02   0.16009E+02   0.16240E+02
   0.20192E+00   0.16324E+02   0.16036E+02   0.16252E+02
   0.20242E+00   0.16346E+02   0.16092E+02   0.16272E+02
   0.20292E+00   0.16355E+02   0.16166E+02   0.16296E+02
   0.20321E+00   0.16351E+02   0.16209E+02   0.16310E+02
   0.20371E+00   0.16337E+02   0.16274E+02   0.16327E+02
   0.20421E+00   0.16319E+02   0.16325E+02   0.16333E+02
   0.20471E+00   0.16305E+02   0.16377E+02   0.16333E+02
   0.20521E+00   0.16300E+02   0.16429E+02   0.16329E+02
   0.20572E+00   0.16304E+02   0.16487E+02   0.16331E+02
   0.20622E+00   0.16305E+02   0.16538E+02   0.16334E+02
   0.20672E+00   0.16313E+02   0.16573E+02   0.16355E+02
   0.20722E+00   0.16342E+02   0.16582E+02   0.16397E+02
   0.20772E+00   0.16383E+02   0.16572E+02   0.16445E+02
   0.20789E+00   0.16394E+02   0.16566E+02   0.16459E+02
   0.20839E+00   0.16413E+02   0.16531E+02   0.16489E+02
   0.20889E+00   0.16415E+02   0.16467E+02   0.16495E+02
   0.20939E+00   0.16404E+02   0.16384E+02   0.16477E+02
   0.20989E+00   0.16383E+02   0.16289E+02   0.16432E+02
   0.21039E+00   0.16365E+02   0.16197E+02   0.16373E+02
   0.21089E+00   0.16370E+02   0.16122E+02   0.16323E+02
   0.21139E+00   0.16398E+02   0.16065E+02   0.16291E+02
   0.21189E+00   0.16437E+02   0.16025E+02   0.16277E+02
   0.21228E+00   0.16472E+02   0.16007E+02   0.16279E+02
   0.21278E+00   0.16517E+02   0.15996E+02   0.16288E+02
   0.21328E+00   0.16554E+02   0.16010E+02   0.16310E+02
   0.21378E+00   0.16588E+02   0.16083E+02   0.16363E+02
   0.21428E+00   0.16625E+02   0.16208E+02   0.16432E+02
   0.21478E+00   0.16654E+02   0.16348E+02   0.16486E+02
   0.21528E+00   0.16644E+02   0.16460E+02   0.16503E+02
   0.21578E+00   0.16606E+02   0.16534E+02   0.16480E+02
   0.21628E+00   0.16561E+02   0.16603E+02   0.16446E+02
   0.21678E+00   0.16513E+02   0.16700E+02   0.16420E+02
   0.21693E+00   0.16500E+02   0.16731E+02   0.16417E+02
   0.21743E+00   0.16464E+02   0.16828E+02   0.16430E+02
   0.21793E+00   0.16440E+02   0.16885E+02   0.16451E+02
   0.21843E+00   0.16417E+02   0.16883E+02   0.16475E+02
   0.21893E+00   0.16409E+02   0.16851E+02   0.16511E+02
   0.21943E+00   0.16439E+02   0.16815E+02   0.16553E+02
   0.21993E+00   0.16501E+02   0.16758E+02   0.16585E+02
   0.22043E+00   0.16563E+02   0.16640E+02   0.16580E+02
   0.22084E+00   0.16606E+02   0.16520E+02   0.16535E+02
   0.22134E+00   0.16625E+02   0.16393E+02   0.16466E+02
   0.22184E+00   0.16593E+02   0.16300E+02   0.16428E+02
   0.22234E+00   0.16531E+02   0.16231E+02   0.16414E+02
   0.22250E+00   0.16515E+02   0.16213E+02   0.16412E+02
   0.22300E+00   0.16495E+02   0.16167E+02   0.16410E+02
   0.22350E+00   0.16511E+02   0.16130E+02   0.16405E+02
   0.22400E+00   0.16528E+02   0.16097E+02   0.16407E+02
   0.22450E+00   0.16537E+02   0.16066E+02   0.16405E+02
   0.22500E+00   0.16570E+02   0.16067E+02   0.16417E+02
   0.22550E+00   0.16629E+02   0.16134E+02   0.16441E+02
   0.22584E+00   0.16663E+02   0.16206E+02   0.16446E+02
   0.22634E+00   0.16653E+02   0.16342E+02   0.16447E+02
   0.22684E+00   0.16554E+02   0.16508E+02   0.16460E+02
   0.22734E+00   0.16423E+02   0.16629E+02   0.16457E+02
   0.22784E+00   0.16320E+02   0.16678E+02   0.16413E+02
   0.22834E+00   0.16268E+02   0.16698E+02   0.16350E+02
   0.22884E+00   0.16251E+02   0.16741E+02   0.16328E+02
   0.22934E+00   0.16256E+02   0.16840E+02   0.16372E+02
   0.22984E+00   0.16244E+02   0.16923E+02   0.16432E+02
   0.22993E+00   0.16243E+02   0.16929E+02   0.16444E+02
   0.23044E+00   0.16242E+02   0.16924E+02   0.16503E+02
   0.23089E+00   0.16248E+02   0.16885E+02   0.16537E+02
   0.23139E+00   0.16270E+02   0.16801E+02   0.16566E+02
   0.23189E+00   0.16326E+02   0.16660E+02   0.16607E+02
   0.23239E+00   0.16428E+02   0.16536E+02   0.16645E+02
   0.23290E+00   0.16516E+02   0.16460E+02   0.16633E+02
   0.23340E+00   0.16507E+02   0.16376E+02   0.16515E+02
   0.23390E+00   0.16418E+02   0.16267E+02   0.16344E+02
   0.23440E+00   0.16304E+02   0.16149E+02   0.16173E+02
   0.23490E+00   0.16206E+02   0.16037E+02   0.16065E+02
   0.23540E+00   0.16155E+02   0.15958E+02   0.16012E+02
   0.23557E+00   0.16147E+02   0.15940E+02   0.16001E+02
   0.23608E+00   0.16141E+02   0.15867E+02   0.15964E+02
   0.23658E+00   0.16145E+02   0.15795E+02   0.15931E+02
   0.23708E+00   0.16154E+02   0.15753E+02   0.15915E+02
   0.23758E+00   0.16168E+02   0.15704E+02   0.15892E+02
   0.23808E+00   0.16183E+02   0.15657E+02   0.15855E+02
   0.23858E+00   0.16196E+02   0.15648E+02   0.15831E+02
   0.23908E+00   0.16201E+02   0.15683E+02   0.15830E+02
   0.23958E+00   0.16190E+02   0.15732E+02   0.15815E+02
   0.23968E+00   0.16182E+02   0.15745E+02   0.15811E+02
   0.24018E+00   0.16134E+02   0.15830E+02   0.15808E+02
   0.24068E+00   0.16075E+02   0.15947E+02   0.15841E+02
   0.24118E+00   0.15985E+02   0.16038E+02   0.15875E+02
   0.24168E+00   0.15894E+02   0.16080E+02   0.15887E+02
   0.24219E+00   0.15838E+02   0.16063E+02   0.15860E+02
   0.24269E+00   0.15818E+02   0.15972E+02   0.15762E+02
   0.24319E+00   0.15802E+02   0.15925E+02   0.15689E+02
   0.24369E+00   0.15796E+02   0.15937E+02   0.15701E+02
   0.24383E+00   0.15790E+02   0.15939E+02   0.15707E+02
   0.24433E+00   0.15757E+02   0.15947E+02   0.15737E+02
   0.24483E+00   0.15713E+02   0.15966E+02   0.15770E+02
   0.24533E+00   0.15680E+02   0.15969E+02   0.15770E+02
   0.24583E+00   0.15664E+02   0.15980E+02   0.15769E+02
   0.24633E+00   0.15644E+02   0.15979E+02   0.15794E+02
   0.24684E+00   0.15631E+02   0.15939E+02   0.15810E+02
   0.24713E+00   0.15627E+02   0.15911E+02   0.15805E+02
   0.24763E+00   0.15622E+02   0.15875E+02   0.15778E+02
   0.24813E+00   0.15616E+02   0.15879E+02   0.15801E+02
   0.24863E+00   0.15606E+02   0.15918E+02   0.15862E+02
   0.24913E+00   0.15609E+02   0.15928E+02   0.15886E+02
   0.24963E+00   0.15634E+02   0.15918E+02   0.15939E+02
   0.25006E+00   0.15659E+02   0.15889E+02   0.15975E+02
   0.25056E+00   0.15689E+02   0.15876E+02   0.15974E+02
   0.25106E+00   0.15707E+02   0.15851E+02   0.15865E+02
   0.25156E+00   0.15744E+02   0.15855E+02   0.15793E+02
   0.25206E+00   0.15752E+02   0.15869E+02   0.15827E+02
   0.25256E+00   0.15754E+02   0.15836E+02   0.15890E+02
   0.25306E+00   0.15782E+02   0.15766E+02   0.15916E+02
   0.25308E+00   0.15783E+02   0.15764E+02   0.15915E+02
   0.25358E+00   0.15797E+02   0.15713E+02   0.15863E+02
   0.25408E+00   0.15791E+02   0.15689E+02   0.15806E+02
   0.25458E+00   0.15791E+02   0.15647E+02   0.15742E+02
   0.25508E+00   0.15765E+02   0.15616E+02   0.15688E+02
   0.25558E+00   0.15748E+02   0.15606E+02   0.15643E+02
   0.25608E+00   0.15765E+02   0.15560E+02   0.15589E+02
   0.25609E+00   0.15766E+02   0.15559E+02   0.15588E+02
   0.25659E+00   0.15778E+02   0.15501E+02   0.15568E+02
   0.25709E+00   0.15750E+02   0.15477E+02   0.15548E+02
   0.25755E+00   0.15735E+02   0.15461E+02   0.15533E+02
   0.25805E+00   0.15737E+02   0.15453E+02   0.15507E+02
   0.25855E+00   0.15733E+02   0.15463E+02   0.15507E+02
   0.25904E+00   0.15734E+02   0.15486E+02   0.15521E+02
   0.25954E+00   0.15717E+02   0.15503E+02   0.15536E+02
   0.26004E+00   0.15738E+02   0.15517E+02   0.15546E+02
   0.26041E+00   0.15757E+02   0.15527E+02   0.15564E+02
   0.26091E+00   0.15785E+02   0.15544E+02   0.15582E+02
   0.26141E+00   0.15797E+02   0.15549E+02   0.15580E+02
   0.26191E+00   0.15791E+02   0.15567E+02   0.15612E+02
   0.26241E+00   0.15774E+02   0.15616E+02   0.15651E+02
   0.26291E+00   0.15768E+02   0.15659E+02   0.15640E+02
   0.26341E+00   0.15830E+02   0.15705E+02   0.15652E+02
   0.26370E+00   0.15883E+02   0.15733E+02   0.15680E+02
   0.26420E+00   0.15958E+02   0.15752E+02   0.15708E+02
   0.26470E+00   0.15985E+02   0.15762E+02   0.15710E+02
   0.26520E+00   0.15994E+02   0.15841E+02   0.15785E+02
   0.26570E+00   0.15965E+02   0.15912E+02   0.15834E+02
   0.26620E+00   0.15905E+02   0.15841E+02   0.15809E+02
   0.26670E+00   0.15870E+02   0.15846E+02   0.15821E+02
   0.26719E+00   0.15881E+02   0.15889E+02   0.15844E+02
   0.26769E+00   0.15851E+02   0.15889E+02   0.15849E+02
   0.26819E+00   0.15813E+02   0.15868E+02   0.15837E+02
   0.26869E+00   0.15802E+02   0.15856E+02   0.15845E+02
   0.26919E+00   0.15783E+02   0.15876E+02   0.15858E+02
   0.26969E+00   0.15780E+02   0.15832E+02   0.15838E+02
   0.27019E+00   0.15774E+02   0.15816E+02   0.15861E+02
   0.27069E+00   0.15787E+02   0.15824E+02   0.15883E+02
   0.27098E+00   0.15783E+02   0.15816E+02   0.15876E+02
   0.27148E+00   0.15778E+02   0.15770E+02   0.15826E+02
   0.27198E+00   0.15816E+02   0.15742E+02   0.15799E+02
   0.27248E+00   0.15843E+02   0.15786E+02   0.15872E+02
   0.27298E+00   0.15851E+02   0.15832E+02   0.15930E+02
   0.27348E+00   0.15813E+02   0.15842E+02   0.15920E+02
   0.27398E+00   0.15783E+02   0.15833E+02   0.15883E+02
   0.27433E+00   0.15774E+02   0.15809E+02   0.15823E+02
   0.27483E+00   0.15775E+02   0.15782E+02   0.15809E+02
   0.27534E+00   0.15792E+02   0.15777E+02   0.15813E+02
   0.27584E+00   0.15812E+02   0.15782E+02   0.15811E+02
   0.27634E+00   0.15896E+02   0.15797E+02   0.15835E+02
   0.27684E+00   0.15926E+02   0.15838E+02   0.15865E+02
   0.27734E+00   0.15953E+02   0.15895E+02   0.15886E+02
   0.27747E+00   0.15960E+02   0.15902E+02   0.15886E+02
   0.27797E+00   0.15962E+02   0.15914E+02   0.15892E+02
   0.27847E+00   0.15948E+02   0.15933E+02   0.15916E+02
   0.27897E+00   0.15958E+02   0.15946E+02   0.15929E+02
   0.27947E+00   0.15946E+02   0.15947E+02   0.15943E+02
   0.27997E+00   0.15916E+02   0.15925E+02   0.15960E+02
   0.28047E+00   0.15961E+02   0.15951E+02   0.15966E+02
   0.28090E+00   0.15983E+02   0.15958E+02   0.15932E+02
   0.28140E+00   0.15919E+02   0.15911E+02   0.15931E+02
   0.28190E+00   0.15916E+02   0.15898E+02   0.15952E+02
   0.28240E+00   0.15937E+02   0.15924E+02   0.15948E+02
   0.28290E+00   0.16008E+02   0.15930E+02   0.15941E+02
   0.28340E+00   0.16037E+02   0.15850E+02   0.15886E+02
   0.28390E+00   0.16040E+02   0.15840E+02   0.15900E+02
   0.28440E+00   0.16052E+02   0.15893E+02   0.15969E+02
   0.28456E+00   0.16056E+02   0.15907E+02   0.15981E+02
   0.28506E+00   0.16077E+02   0.15924E+02   0.15979E+02
   0.28556E+00   0.16061E+02   0.15879E+02   0.15950E+02
   0.28606E+00   0.16005E+02   0.15836E+02   0.15920E+02
   0.28656E+00   0.15993E+02   0.15863E+02   0.15943E+02
   0.28706E+00   0.16004E+02   0.15893E+02   0.15990E+02
   0.28756E+00   0.16045E+02   0.15947E+02   0.16043E+02
   0.28785E+00   0.16069E+02   0.15983E+02   0.16060E+02
   0.28835E+00   0.16104E+02   0.16017E+02   0.16078E+02
   0.28885E+00   0.16149E+02   0.16046E+02   0.16091E+02
   0.28935E+00   0.16120E+02   0.16040E+02   0.16093E+02
   0.28985E+00   0.16097E+02   0.16061E+02   0.16106E+02
   0.29035E+00   0.16099E+02   0.16082E+02   0.16071E+02
   0.29085E+00   0.16146E+02   0.16022E+02   0.16046E+02
   0.29118E+00   0.16163E+02   0.15989E+02   0.16057E+02
   0.29168E+00   0.16152E+02   0.15960E+02   0.16045E+02
   0.29218E+00   0.16168E+02   0.15983E+02   0.16028E+02
   0.29268E+00   0.16171E+02   0.16005E+02   0.16045E+02
   0.29318E+00   0.16171E+02   0.16003E+02   0.16065E+02
   0.29368E+00   0.16177E+02   0.16017E+02   0.16079E+02
   0.29418E+00   0.16132E+02   0.16006E+02   0.16070E+02
   0.29468E+00   0.16093E+02   0.16006E+02   0.16065E+02
   0.29498E+00   0.16087E+02   0.16006E+02   0.16071E+02
   0.29548E+00   0.16107E+02   0.16057E+02   0.16118E+02
   0.29598E+00   0.16111E+02   0.16110E+02   0.16146E+02
   0.29648E+00   0.16136E+02   0.16091E+02   0.16112E+02
   0.29698E+00   0.16137E+02   0.16063E+02   0.16087E+02
   0.29748E+00   0.16173E+02   0.16033E+02   0.16067E+02
   0.29798E+00   0.16167E+02   0.16014E+02   0.16061E+02
   0.29848E+00   0.16122E+02   0.15994E+02   0.16056E+02
   0.29859E+00   0.16125E+02   0.15999E+02   0.16055E+02
   0.29910E+00   0.16193E+02   0.16041E+02   0.16075E+02
   0.29960E+00   0.16237E+02   0.16055E+02   0.16084E+02
   0.30010E+00   0.16243E+02   0.16111E+02   0.16116E+02
   0.30060E+00   0.16237E+02   0.16118E+02   0.16095E+02
   0.30110E+00   0.16236E+02   0.16083E+02   0.16078E+02
   0.30160E+00   0.16248E+02   0.16145E+02   0.16142E+02
   0.30175E+00   0.16258E+02   0.16158E+02   0.16160E+02
   0.30225E+00   0.16269E+02   0.16148E+02   0.16191E+02
   0.30275E+00   0.16227E+02   0.16132E+02   0.16195E+02
   0.30325E+00   0.16192E+02   0.16128E+02   0.16212E+02
   0.30375E+00   0.16208E+02   0.16182E+02   0.16271E+02
   0.30425E+00   0.16243E+02   0.16154E+02   0.16297E+02
   0.30475E+00   0.16244E+02   0.16091E+02   0.16247E+02
   0.30500E+00   0.16237E+02   0.16083E+02   0.16208E+02
   0.30811E+00   0.16304E+02   0.16174E+02   0.16263E+02
   0.30861E+00   0.16290E+02   0.16130E+02   0.16228E+02
   0.30911E+00   0.16293E+02   0.16144E+02   0.16241E+02
   0.30961E+00   0.16257E+02   0.16152E+02   0.16259E+02
   0.30969E+00   0.16252E+02   0.16147E+02   0.16259E+02
   0.31019E+00   0.16252E+02   0.16115E+02   0.16253E+02
   0.31069E+00   0.16276E+02   0.16133E+02   0.16282E+02
   0.31119E+00   0.16286E+02   0.16163E+02   0.16289E+02
   0.31169E+00   0.16320E+02   0.16182E+02   0.16274E+02
   0.31196E+00   0.16342E+02   0.16182E+02   0.16269E+02
   0.31246E+00   0.16350E+02   0.16199E+02   0.16280E+02
   0.31296E+00   0.16299E+02   0.16198E+02   0.16281E+02
   0.31346E+00   0.16284E+02   0.16202E+02   0.16252E+02
   0.31397E+00   0.16314E+02   0.16227E+02   0.16247E+02
   0.31447E+00   0.16368E+02   0.16231E+02   0.16283E+02
   0.31464E+00   0.16387E+02   0.16225E+02   0.16277E+02
   0.31514E+00   0.16416E+02   0.16216E+02   0.16256E+02
   0.31564E+00   0.16425E+02   0.16265E+02   0.16298E+02
   0.31614E+00   0.16449E+02   0.16338E+02   0.16397E+02
   0.31664E+00   0.16463E+02   0.16316E+02   0.16369E+02
   0.31708E+00   0.16434E+02   0.16302E+02   0.16324E+02
   0.31758E+00   0.16402E+02   0.16286E+02   0.16344E+02
   0.31808E+00   0.16368E+02   0.16317E+02   0.16403E+02
   0.31859E+00   0.16318E+02   0.16297E+02   0.16412E+02
   0.31909E+00   0.16303E+02   0.16263E+02   0.16375E+02
   0.31959E+00   0.16278E+02   0.16266E+02   0.16316E+02
   0.31980E+00   0.16278E+02   0.16293E+02   0.16311E+02
   0.32030E+00   0.16293E+02   0.16303E+02   0.16332E+02
   0.32081E+00   0.16302E+02   0.16250E+02   0.16340E+02
   0.32131E+00   0.16325E+02   0.16245E+02   0.16377E+02
   0.32181E+00   0.16358E+02   0.16279E+02   0.16428E+02
   0.32231E+00   0.16401E+02   0.16340E+02   0.16433E+02
   0.32250E+00   0.16403E+02   0.16351E+02   0.16434E+02
   0.32300E+00   0.16376E+02   0.16362E+02   0.16433E+02
   0.32350E+00   0.16378E+02   0.16421E+02   0.16457E+02
   0.32400E+00   0.16416E+02   0.16408E+02   0.16465E+02
   0.32450E+00   0.16454E+02   0.16385E+02   0.16465E+02
   0.32500E+00   0.16452E+02   0.16402E+02   0.16487E+02
   0.32523E+00   0.16447E+02   0.16416E+02   0.16492E+02
   0.32573E+00   0.16450E+02   0.16453E+02   0.16505E+02
   0.32623E+00   0.16491E+02   0.16479E+02   0.16533E+02
   0.32673E+00   0.16479E+02   0.16478E+02   0.16560E+02
   0.32723E+00   0.16433E+02   0.16434E+02   0.16530E+02
   0.32773E+00   0.16458E+02   0.16385E+02   0.16491E+02
   0.32784E+00   0.16465E+02   0.16372E+02   0.16487E+02
   0.32834E+00   0.16428E+02   0.16343E+02   0.16471E+02
   0.32884E+00   0.16411E+02   0.16366E+02   0.16439E+02
   0.32934E+00   0.16433E+02   0.16353E+02   0.16423E+02
   0.32984E+00   0.16426E+02   0.16362E+02   0.16430E+02
   0.33034E+00   0.16420E+02   0.16348E+02   0.16428E+02
   0.33058E+00   0.16422E+02   0.16347E+02   0.16435E+02
   0.33108E+00   0.16444E+02   0.16348E+02   0.16455E+02
   0.33158E+00   0.16427E+02   0.16363E+02   0.16465E+02
   0.33208E+00   0.16424E+02   0.16366E+02   0.16491E+02
   0.33258E+00   0.16435E+02   0.16343E+02   0.16486E+02
   0.33308E+00   0.16479E+02   0.16353E+02   0.16491E+02
   0.33311E+00   0.16481E+02   0.16354E+02   0.16493E+02
   0.33361E+00   0.16473E+02   0.16396E+02   0.16528E+02
   0.33411E+00   0.16466E+02   0.16393E+02   0.16533E+02
   0.33461E+00   0.16441E+02   0.16410E+02   0.16616E+02
   0.33511E+00   0.16442E+02   0.16460E+02   0.16651E+02
   0.33561E+00   0.16462E+02   0.16464E+02   0.16604E+02
   0.33611E+00   0.16464E+02   0.16513E+02   0.16635E+02
   0.33661E+00   0.16433E+02   0.16527E+02   0.16648E+02
   0.33711E+00   0.16416E+02   0.16473E+02   0.16593E+02
   0.33761E+00   0.16465E+02   0.16407E+02   0.16520E+02
   0.33811E+00   0.16529E+02   0.16437E+02   0.16482E+02
   0.33818E+00   0.16531E+02   0.16445E+02   0.16484E+02
   0.33868E+00   0.16525E+02   0.16469E+02   0.16495E+02
   0.33918E+00   0.16533E+02   0.16463E+02   0.16500E+02
   0.33968E+00   0.16503E+02   0.16479E+02   0.16549E+02
   0.34018E+00   0.16460E+02   0.16471E+02   0.16521E+02
   0.34068E+00   0.16480E+02   0.16466E+02   0.16522E+02
   0.34074E+00   0.16484E+02   0.16465E+02   0.16525E+02
   0.34124E+00   0.16522E+02   0.16443E+02   0.16553E+02
   0.34174E+00   0.16506E+02   0.16430E+02   0.16559E+02
   0.34224E+00   0.16540E+02   0.16451E+02   0.16577E+02
   0.34274E+00   0.16547E+02   0.16497E+02   0.16599E+02
   0.34283E+00   0.16544E+02   0.16509E+02   0.16605E+02
   0.34333E+00   0.16534E+02   0.16543E+02   0.16645E+02
   0.34383E+00   0.16585E+02   0.16552E+02   0.16671E+02
   0.34433E+00   0.16642E+02   0.16541E+02   0.16617E+02
   0.34483E+00   0.16625E+02   0.16482E+02   0.16559E+02
   0.34525E+00   0.16596E+02   0.16489E+02   0.16547E+02
   0.34575E+00   0.16586E+02   0.16508E+02   0.16525E+02
   0.34625E+00   0.16607E+02   0.16534E+02   0.16565E+02
   0.34675E+00   0.16615E+02   0.16510E+02   0.16602E+02
   0.34725E+00   0.16582E+02   0.16482E+02   0.16635E+02
   0.34760E+00   0.16553E+02   0.16485E+02   0.16637E+02
   0.34810E+00   0.16553E+02   0.16466E+02   0.16586E+02
   0.34860E+00   0.16591E+02   0.16467E+02   0.16557E+02
   0.34910E+00   0.16654E+02   0.16511E+02   0.16600E+02
   0.34961E+00   0.16661E+02   0.16479E+02   0.16579E+02
   0.34987E+00   0.16639E+02   0.16444E+02   0.16544E+02
   0.35037E+00   0.16609E+02   0.16465E+02   0.16551E+02
   0.35087E+00   0.16610E+02   0.16508E+02   0.16581E+02
   0.35137E+00   0.16609E+02   0.16496E+02   0.16581E+02
   0.35187E+00   0.16622E+02   0.16491E+02   0.16561E+02
   0.35222E+00   0.16637E+02   0.16544E+02   0.16569E+02
   0.35272E+00   0.16645E+02   0.16610E+02   0.16618E+02
   0.35322E+00   0.16678E+02   0.16565E+02   0.16625E+02
   0.35372E+00   0.16683E+02   0.16564E+02   0.16637E+02
   0.35422E+00   0.16681E+02   0.16565E+02   0.16632E+02
   0.35466E+00   0.16672E+02   0.16554E+02   0.16630E+02
   0.35516E+00   0.16662E+02   0.16574E+02   0.16656E+02
   0.35567E+00   0.16650E+02   0.16634E+02   0.16693E+02
   0.35617E+00   0.16650E+02   0.16621E+02   0.16635E+02
   0.35667E+00   0.16686E+02   0.16608E+02   0.16571E+02
   0.35701E+00   0.16683E+02   0.16610E+02   0.16596E+02
   0.35751E+00   0.16693E+02   0.16614E+02   0.16656E+02
   0.35801E+00   0.16700E+02   0.16593E+02   0.16659E+02
   0.35851E+00   0.16669E+02   0.16585E+02   0.16658E+02
   0.35901E+00   0.16694E+02   0.16586E+02   0.16655E+02
   0.35934E+00   0.16710E+02   0.16568E+02   0.16651E+02
   0.35984E+00   0.16729E+02   0.16570E+02   0.16669E+02
   0.36034E+00   0.16718E+02   0.16586E+02   0.16697E+02
   0.36084E+00   0.16700E+02   0.16607E+02   0.16723E+02
   0.36134E+00   0.16688E+02   0.16648E+02   0.16724E+02
   0.36169E+00   0.16688E+02   0.16674E+02   0.16744E+02
   0.36219E+00   0.16709E+02   0.16693E+02   0.16793E+02
   0.36269E+00   0.16711E+02   0.16711E+02   0.16771E+02
   0.36319E+00   0.16738E+02   0.16752E+02   0.16792E+02
   0.36364E+00   0.16749E+02   0.16735E+02   0.16820E+02
   0.36414E+00   0.16789E+02   0.16753E+02   0.16857E+02
   0.36464E+00   0.16786E+02   0.16727E+02   0.16836E+02
   0.36515E+00   0.16770E+02   0.16725E+02   0.16830E+02
   0.36565E+00   0.16773E+02   0.16730E+02   0.16830E+02
   0.36615E+00   0.16782E+02   0.16718E+02   0.16863E+02
   0.36665E+00   0.16787E+02   0.16746E+02   0.16888E+02
   0.36704E+00   0.16802E+02   0.16777E+02   0.16867E+02
   0.36754E+00   0.16821E+02   0.16762E+02   0.16828E+02
   0.36804E+00   0.16849E+02   0.16706E+02   0.16746E+02
   0.36854E+00   0.16868E+02   0.16704E+02   0.16715E+02
   0.36905E+00   0.16840E+02   0.16693E+02   0.16697E+02
   0.36955E+00   0.16822E+02   0.16716E+02   0.16703E+02
   0.37005E+00   0.16826E+02   0.16746E+02   0.16751E+02
   0.37055E+00   0.16843E+02   0.16757E+02   0.16809E+02
   0.37069E+00   0.16848E+02   0.16750E+02   0.16808E+02
   0.37119E+00   0.16869E+02   0.16748E+02   0.16774E+02
   0.37169E+00   0.16882E+02   0.16768E+02   0.16773E+02
   0.37219E+00   0.16873E+02   0.16799E+02   0.16820E+02
   0.37269E+00   0.16851E+02   0.16809E+02   0.16851E+02
   0.37319E+00   0.16850E+02   0.16806E+02   0.16854E+02
   0.37369E+00   0.16854E+02   0.16787E+02   0.16857E+02
   0.37403E+00   0.16851E+02   0.16770E+02   0.16836E+02
   0.37453E+00   0.16841E+02   0.16783E+02   0.16875E+02
   0.37503E+00   0.16866E+02   0.16807E+02   0.16925E+02
   0.37553E+00   0.16860E+02   0.16823E+02   0.16889E+02
   0.37603E+00   0.16787E+02   0.16806E+02   0.16896E+02
   0.37654E+00   0.16772E+02   0.16778E+02   0.16935E+02
   0.37704E+00   0.16787E+02   0.16779E+02   0.16999E+02
   0.37754E+00   0.16823E+02   0.16839E+02   0.17020E+02
   0.37804E+00   0.16828E+02   0.16869E+02   0.16996E+02
   0.37854E+00   0.16853E+02   0.16864E+02   0.16956E+02
   0.37904E+00   0.16850E+02   0.16838E+02   0.16957E+02
   0.37954E+00   0.16849E+02   0.16886E+02   0.16973E+02
   0.38004E+00   0.16872E+02   0.16920E+02   0.16986E+02
   0.38054E+00   0.16867E+02   0.16882E+02   0.16965E+02
   0.38099E+00   0.16899E+02   0.16862E+02   0.16922E+02
   0.38149E+00   0.16914E+02   0.16870E+02   0.16925E+02
   0.38199E+00   0.16954E+02   0.16869E+02   0.16926E+02
   0.38249E+00   0.17040E+02   0.16837E+02   0.16927E+02
   0.38299E+00   0.17031E+02   0.16806E+02   0.16887E+02
   0.38349E+00   0.16989E+02   0.16793E+02   0.16865E+02
   0.38399E+00   0.16995E+02   0.16782E+02   0.16848E+02
   0.38449E+00   0.17000E+02   0.16827E+02   0.16866E+02
   0.38499E+00   0.17023E+02   0.16851E+02   0.16889E+02
   0.38518E+00   0.17022E+02   0.16859E+02   0.16903E+02
   0.38568E+00   0.17007E+02   0.16886E+02   0.16946E+02
   0.38618E+00   0.16983E+02   0.16940E+02   0.16991E+02
   0.38668E+00   0.17002E+02   0.16957E+02   0.17019E+02
   0.38718E+00   0.17048E+02   0.16976E+02   0.17062E+02
   0.38768E+00   0.17063E+02   0.17034E+02   0.17107E+02
   0.38818E+00   0.17091E+02   0.17070E+02   0.17121E+02
   0.38868E+00   0.17094E+02   0.17072E+02   0.17132E+02
   0.38878E+00   0.17091E+02   0.17076E+02   0.17140E+02
   0.38928E+00   0.17066E+02   0.17086E+02   0.17159E+02
   0.38978E+00   0.17004E+02   0.17074E+02   0.17127E+02
   0.39028E+00   0.16986E+02   0.17059E+02   0.17102E+02
   0.39078E+00   0.16983E+02   0.17031E+02   0.17054E+02
   0.39128E+00   0.16965E+02   0.17005E+02   0.17049E+02
   0.39178E+00   0.16940E+02   0.16964E+02   0.17086E+02
   0.39229E+00   0.16959E+02   0.16937E+02   0.17066E+02
   0.39229E+00   0.16960E+02   0.16937E+02   0.17066E+02
   0.39279E+00   0.17002E+02   0.16905E+02   0.17068E+02
   0.39329E+00   0.17041E+02   0.16870E+02   0.17087E+02
   0.39379E+00   0.17086E+02   0.16895E+02   0.17094E+02
   0.39429E+00   0.17074E+02   0.16915E+02   0.17089E+02
   0.39479E+00   0.17112E+02   0.16956E+02   0.17103E+02
   0.39529E+00   0.17182E+02   0.16969E+02   0.17109E+02
   0.39579E+00   0.17186E+02   0.16969E+02   0.17075E+02
   0.39602E+00   0.17191E+02   0.17001E+02   0.17083E+02
   0.39652E+00   0.17207E+02   0.17088E+02   0.17139E+02
   0.39703E+00   0.17214E+02   0.17113E+02   0.17131E+02
   0.39753E+00   0.17216E+02   0.17074E+02   0.17101E+02
   0.39803E+00   0.17191E+02   0.17065E+02   0.17100E+02
   0.39853E+00   0.17164E+02   0.17080E+02   0.17152E+02
   0.39903E+00   0.17141E+02   0.17093E+02   0.17178E+02
   0.39953E+00   0.17116E+02   0.17106E+02   0.17188E+02
   0.40003E+00   0.17121E+02   0.17135E+02   0.17180E+02
   0.40021E+00   0.17130E+02   0.17145E+02   0.17174E+02
   0.40071E+00   0.17163E+02   0.17185E+02   0.17224E+02
   0.40121E+00   0.17168E+02   0.17191E+02   0.17239E+02
   0.40171E+00   0.17183E+02   0.17139E+02   0.17165E+02
   0.40221E+00   0.17205E+02   0.17089E+02   0.17126E+02
   0.40271E+00   0.17162E+02   0.17056E+02   0.17145E+02
   0.40321E+00   0.17169E+02   0.17057E+02   0.17164E+02
   0.40371E+00   0.17209E+02   0.17069E+02   0.17150E+02
   0.40419E+00   0.17210E+02   0.17069E+02   0.17117E+02
   0.40470E+00   0.17200E+02   0.17070E+02   0.17106E+02
   0.40520E+00   0.17220E+02   0.17054E+02   0.17108E+02
   0.40570E+00   0.17229E+02   0.17080E+02   0.17137E+02
   0.40620E+00   0.17217E+02   0.17072E+02   0.17151E+02
   0.40670E+00   0.17232E+02   0.17047E+02   0.17182E+02
   0.40720E+00   0.17265E+02   0.17086E+02   0.17216E+02
   0.40770E+00   0.17282E+02   0.17129E+02   0.17242E+02
   0.40817E+00   0.17268E+02   0.17144E+02   0.17287E+02
   0.40867E+00   0.17244E+02   0.17195E+02   0.17330E+02
   0.40917E+00   0.17225E+02   0.17240E+02   0.17362E+02
   0.40967E+00   0.17215E+02   0.17285E+02   0.17401E+02
   0.41017E+00   0.17193E+02   0.17307E+02   0.17402E+02
   0.41067E+00   0.17141E+02   0.17284E+02   0.17355E+02
   0.41117E+00   0.17140E+02   0.17282E+02   0.17315E+02
   0.41167E+00   0.17168E+02   0.17269E+02   0.17278E+02
   0.41217E+00   0.17202E+02   0.17254E+02   0.17257E+02
   0.41259E+00   0.17232E+02   0.17251E+02   0.17258E+02
   0.41310E+00   0.17266E+02   0.17254E+02   0.17262E+02
   0.41360E+00   0.17294E+02   0.17250E+02   0.17268E+02
   0.41410E+00   0.17298E+02   0.17237E+02   0.17272E+02
   0.41460E+00   0.17304E+02   0.17195E+02   0.17268E+02
   0.41510E+00   0.17326E+02   0.17176E+02   0.17262E+02
   0.41560E+00   0.17350E+02   0.17164E+02   0.17253E+02
   0.41610E+00   0.17353E+02   0.17138E+02   0.17233E+02
   0.41660E+00   0.17334E+02   0.17130E+02   0.17226E+02
   0.41670E+00   0.17332E+02   0.17130E+02   0.17228E+02
   0.41720E+00   0.17316E+02   0.17129E+02   0.17248E+02
   0.41770E+00   0.17288E+02   0.17146E+02   0.17267E+02
   0.41820E+00   0.17233E+02   0.17211E+02   0.17329E+02
   0.41870E+00   0.17184E+02   0.17250E+02   0.17357E+02
   0.41920E+00   0.17171E+02   0.17268E+02   0.17337E+02
   0.41970E+00   0.17204E+02   0.17268E+02   0.17317E+02
   0.42020E+00   0.17244E+02   0.17240E+02   0.17301E+02
   0.42070E+00   0.17276E+02   0.17255E+02   0.17299E+02
   0.42102E+00   0.17298E+02   0.17260E+02   0.17290E+02
   0.42152E+00   0.17319E+02   0.17247E+02   0.17279E+02
   0.42202E+00   0.17335E+02   0.17249E+02   0.17270E+02
   0.42252E+00   0.17405E+02   0.17264E+02   0.17280E+02
   0.42302E+00   0.17477E+02   0.17252E+02   0.17246E+02
   0.42352E+00   0.17512E+02   0.17239E+02   0.17185E+02
   0.42402E+00   0.17478E+02   0.17193E+02   0.17144E+02
   0.42452E+00   0.17431E+02   0.17128E+02   0.17140E+02
   0.42502E+00   0.17403E+02   0.17108E+02   0.17167E+02
   0.42536E+00   0.17394E+02   0.17126E+02   0.17217E+02
   0.42586E+00   0.17384E+02   0.17172E+02   0.17335E+02
   0.42636E+00   0.17356E+02   0.17233E+02   0.17442E+02
   0.42686E+00   0.17328E+02   0.17297E+02   0.17494E+02
   0.42736E+00   0.17293E+02   0.17329E+02   0.17511E+02
   0.42786E+00   0.17265E+02   0.17358E+02   0.17529E+02
   0.42836E+00   0.17244E+02   0.17351E+02   0.17511E+02
   0.42849E+00   0.17236E+02   0.17352E+02   0.17509E+02
   0.42899E+00   0.17243E+02   0.17407E+02   0.17520E+02
   0.42949E+00   0.17296E+02   0.17453E+02   0.17496E+02
   0.42999E+00   0.17344E+02   0.17444E+02   0.17438E+02
   0.43049E+00   0.17409E+02   0.17415E+02   0.17364E+02
   0.43099E+00   0.17501E+02   0.17385E+02   0.17300E+02
   0.43150E+00   0.17583E+02   0.17361E+02   0.17260E+02
   0.43156E+00   0.17590E+02   0.17356E+02   0.17255E+02
   0.43206E+00   0.17607E+02   0.17314E+02   0.17214E+02
   0.43256E+00   0.17593E+02   0.17274E+02   0.17177E+02
   0.43306E+00   0.17580E+02   0.17250E+02   0.17182E+02
   0.43356E+00   0.17567E+02   0.17224E+02   0.17212E+02
   0.43406E+00   0.17550E+02   0.17216E+02   0.17258E+02
   0.43456E+00   0.17521E+02   0.17233E+02   0.17321E+02
   0.43506E+00   0.17463E+02   0.17246E+02   0.17383E+02
   0.43524E+00   0.17436E+02   0.17253E+02   0.17409E+02
   0.43574E+00   0.17343E+02   0.17313E+02   0.17508E+02
   0.43624E+00   0.17243E+02   0.17384E+02   0.17601E+02
   0.43674E+00   0.17149E+02   0.17423E+02   0.17636E+02
   0.43724E+00   0.17085E+02   0.17464E+02   0.17627E+02
   0.43774E+00   0.17065E+02   0.17495E+02   0.17577E+02
   0.43824E+00   0.17126E+02   0.17513E+02   0.17511E+02
   0.43874E+00   0.17272E+02   0.17513E+02   0.17438E+02
   0.43924E+00   0.17439E+02   0.17516E+02   0.17385E+02
   0.43951E+00   0.17495E+02   0.17501E+02   0.17359E+02
   0.44001E+00   0.17570E+02   0.17419E+02   0.17302E+02
   0.44051E+00   0.17660E+02   0.17342E+02   0.17250E+02
   0.44101E+00   0.17703E+02   0.17295E+02   0.17180E+02
   0.44151E+00   0.17733E+02   0.17219E+02   0.17086E+02
   0.44201E+00   0.17716E+02   0.17153E+02   0.17025E+02
   0.44251E+00   0.17639E+02   0.17109E+02   0.17015E+02
   0.44289E+00   0.17578E+02   0.17086E+02   0.17043E+02
   0.44339E+00   0.17502E+02   0.17077E+02   0.17150E+02
   0.44390E+00   0.17434E+02   0.17107E+02   0.17339E+02
   0.44440E+00   0.17365E+02   0.17125E+02   0.17491E+02
   0.44490E+00   0.17271E+02   0.17121E+02   0.17522E+02
   0.44540E+00   0.17176E+02   0.17204E+02   0.17548E+02
   0.44590E+00   0.17111E+02   0.17329E+02   0.17590E+02
   0.44614E+00   0.17094E+02   0.17386E+02   0.17604E+02
   0.44664E+00   0.17038E+02   0.17548E+02   0.17670E+02
   0.44714E+00   0.16969E+02   0.17633E+02   0.17647E+02
   0.44764E+00   0.16951E+02   0.17614E+02   0.17562E+02
   0.44864E+00   0.17337E+02   0.17547E+02   0.17419E+02
   0.44914E+00   0.17533E+02   0.17512E+02   0.17347E+02
   0.44964E+00   0.17694E+02   0.17428E+02   0.17299E+02
   0.45014E+00   0.17823E+02   0.17330E+02   0.17245E+02
   0.45064E+00   0.17852E+02   0.17231E+02   0.17171E+02
   0.45164E+00   0.17742E+02   0.17081E+02   0.17033E+02
   0.45214E+00   0.17618E+02   0.17037E+02   0.17021E+02
   0.45264E+00   0.17518E+02   0.16995E+02   0.17071E+02
   0.45314E+00   0.17452E+02   0.16964E+02   0.17083E+02
   0.45364E+00   0.17353E+02   0.16988E+02   0.17125E+02
   0.45414E+00   0.17265E+02   0.17035E+02   0.17246E+02
   0.45464E+00   0.17224E+02   0.17134E+02   0.17348E+02
   0.45514E+00   0.17184E+02   0.17300E+02   0.17462E+02
   0.45614E+00   0.17155E+02   0.17360E+02   0.17412E+02
   0.45664E+00   0.17173E+02   0.17498E+02   0.17452E+02
   0.45714E+00   0.17241E+02   0.17580E+02   0.17521E+02
   0.45764E+00   0.17295E+02   0.17624E+02   0.17518E+02
   0.45814E+00   0.17364E+02   0.17601E+02   0.17480E+02
   0.45864E+00   0.17520E+02   0.17584E+02   0.17452E+02
   0.45900E+00   0.17629E+02   0.17602E+02   0.17444E+02
   0.45950E+00   0.17468E+02   0.17547E+02   0.17371E+02
   0.46000E+00   0.17409E+02   0.17448E+02   0.17304E+02
   0.46050E+00   0.17492E+02   0.17358E+02   0.17259E+02
   0.46100E+00   0.17590E+02   0.17310E+02   0.17272E+02
   0.46150E+00   0.17659E+02   0.17350E+02   0.17315E+02
   0.46200E+00   0.17600E+02   0.17405E+02   0.17357E+02
   0.46250E+00   0.17617E+02   0.17399E+02   0.17407E+02
   0.46300E+00   0.17606E+02   0.17353E+02   0.17425E+02
   0.46350E+00   0.17576E+02   0.17322E+02   0.17422E+02
   0.46400E+00   0.17518E+02   0.17342E+02   0.17444E+02
   0.46450E+00   0.17453E+02   0.17374E+02   0.17514E+02
   0.46501E+00   0.17439E+02   0.17338E+02   0.17501E+02
   0.46551E+00   0.17427E+02   0.17293E+02   0.17543E+02
   0.46601E+00   0.17404E+02   0.17371E+02   0.17670E+02
   0.46617E+00   0.17439E+02   0.17338E+02   0.17501E+02
   0.46667E+00   0.17320E+02   0.17511E+02   0.17855E+02
   0.46717E+00   0.17329E+02   0.17493E+02   0.17848E+02
   0.46767E+00   0.17455E+02   0.17687E+02   0.17781E+02
   0.46817E+00   0.17426E+02   0.17741E+02   0.17799E+02
   0.46867E+00   0.17393E+02   0.17550E+02   0.17772E+02
   0.46917E+00   0.17392E+02   0.17542E+02   0.17592E+02
   0.46967E+00   0.17461E+02   0.17558E+02   0.17521E+02
   0.47017E+00   0.17392E+02   0.17621E+02   0.17710E+02
   0.47067E+00   0.17650E+02   0.17529E+02   0.17482E+02
   0.47117E+00   0.17729E+02   0.17543E+02   0.17446E+02
   0.47167E+00   0.17518E+02   0.17549E+02   0.17521E+02
   0.47217E+00   0.17830E+02   0.17498E+02   0.17483E+02
   0.47267E+00   0.17826E+02   0.17482E+02   0.17480E+02
   0.47279E+00   0.17822E+02   0.17540E+02   0.17466E+02
   0.47329E+00   0.17831E+02   0.17418E+02   0.17546E+02
   0.47379E+00   0.17807E+02   0.17474E+02   0.17529E+02
   0.47429E+00   0.17806E+02   0.17393E+02   0.17550E+02
   0.47479E+00   0.17761E+02   0.17420E+02   0.17557E+02
   0.47529E+00   0.17850E+02   0.17402E+02   0.17593E+02
   0.47579E+00   0.17665E+02   0.17526E+02   0.17700E+02
   0.47629E+00   0.17640E+02   0.17555E+02   0.17716E+02
   0.47658E+00   0.17697E+02   0.17491E+02   0.17670E+02
   0.47708E+00   0.17599E+02   0.17727E+02   0.17839E+02
   0.47758E+00   0.17614E+02   0.17640E+02   0.17791E+02
   0.47858E+00   0.17575E+02   0.17738E+02   0.17737E+02
   0.47908E+00   0.17529E+02   0.17673E+02   0.17754E+02
   0.47958E+00   0.17617E+02   0.17828E+02   0.17738E+02
   0.48009E+00   0.17613E+02   0.17835E+02   0.17745E+02
   0.48059E+00   0.17589E+02   0.17816E+02   0.17739E+02
   0.48109E+00   0.17730E+02   0.17736E+02   0.17744E+02
   0.48159E+00   0.17808E+02   0.17705E+02   0.17749E+02
   0.48209E+00   0.17672E+02   0.17798E+02   0.17748E+02
   0.48259E+00   0.17866E+02   0.17537E+02   0.17649E+02
   0.48309E+00   0.17842E+02   0.17517E+02   0.17672E+02
   0.48359E+00   0.17879E+02   0.17626E+02   0.17702E+02
   0.48409E+00   0.17696E+02   0.17500E+02   0.17703E+02
   0.48459E+00   0.17719E+02   0.17548E+02   0.17810E+02
   0.48509E+00   0.17721E+02   0.17497E+02   0.17673E+02
   0.48559E+00   0.17726E+02   0.17687E+02   0.17927E+02
   0.48609E+00   0.17760E+02   0.17761E+02   0.17907E+02
   0.48659E+00   0.17725E+02   0.17612E+02   0.17895E+02
   0.48709E+00   0.17714E+02   0.17855E+02   0.17886E+02
   0.48759E+00   0.17604E+02   0.17928E+02   0.17914E+02
   0.48809E+00   0.17605E+02   0.17953E+02   0.17898E+02
   0.48859E+00   0.17683E+02   0.17943E+02   0.17847E+02
   0.48909E+00   0.17754E+02   0.17892E+02   0.17801E+02
   0.48959E+00   0.17881E+02   0.17857E+02   0.17761E+02
   0.49009E+00   0.17999E+02   0.17843E+02   0.17721E+02
   0.49059E+00   0.18038E+02   0.17776E+02   0.17691E+02
   0.49109E+00   0.18023E+02   0.17726E+02   0.17697E+02
   0.49209E+00   0.17946E+02   0.17607E+02   0.17688E+02
   0.49259E+00   0.17914E+02   0.17560E+02   0.17698E+02
   0.49309E+00   0.17872E+02   0.17528E+02   0.17794E+02
   0.49359E+00   0.17821E+02   0.17516E+02   0.17903E+02
   0.49409E+00   0.17751E+02   0.17585E+02   0.18055E+02
   0.49459E+00   0.17694E+02   0.17671E+02   0.18118E+02
   0.49509E+00   0.17631E+02   0.17791E+02   0.18070E+02
   0.49559E+00   0.17587E+02   0.17922E+02   0.18029E+02
   0.49610E+00   0.17570E+02   0.17996E+02   0.17976E+02
   0.49660E+00   0.17578E+02   0.17995E+02   0.17894E+02
   0.49710E+00   0.17654E+02   0.18020E+02   0.17852E+02
   0.49760E+00   0.17742E+02   0.17996E+02   0.17801E+02
   0.49810E+00   0.17849E+02   0.17932E+02   0.17734E+02
   0.49860E+00   0.17991E+02   0.17856E+02   0.17672E+02
   0.49910E+00   0.18080E+02   0.17787E+02   0.17620E+02
   0.49960E+00   0.18050E+02   0.17753E+02   0.17602E+02
   0.50010E+00   0.17920E+02   0.17673E+02   0.17591E+02
   0.50060E+00   0.17893E+02   0.17555E+02   0.17577E+02
   0.50086E+00   0.17847E+02   0.17492E+02   0.17593E+02
   0.50136E+00   0.17722E+02   0.17379E+02   0.17638E+02
   0.50186E+00   0.17634E+02   0.17336E+02   0.17730E+02
   0.50236E+00   0.17596E+02   0.17399E+02   0.17875E+02
   0.50286E+00   0.17552E+02   0.17493E+02   0.17996E+02
   0.50336E+00   0.17490E+02   0.17592E+02   0.18057E+02
   0.50386E+00   0.17446E+02   0.17718E+02   0.18099E+02
   0.50436E+00   0.17415E+02   0.17853E+02   0.18078E+02
   0.50536E+00   0.17475E+02   0.18000E+02   0.18043E+02
   0.50586E+00   0.17581E+02   0.18030E+02   0.17926E+02
   0.50636E+00   0.17703E+02   0.18000E+02   0.17784E+02
   0.50686E+00   0.17857E+02   0.17920E+02   0.17684E+02
   0.50736E+00   0.17935E+02   0.17863E+02   0.17626E+02
   0.50786E+00   0.17949E+02   0.17809E+02   0.17597E+02
   0.50836E+00   0.18046E+02   0.17748E+02   0.17584E+02
   0.50886E+00   0.18031E+02   0.17684E+02   0.17598E+02
   0.50936E+00   0.17914E+02   0.17614E+02   0.17640E+02
   0.50986E+00   0.18031E+02   0.17684E+02   0.17598E+02
   0.51036E+00   0.17914E+02   0.17614E+02   0.17640E+02
   0.51075E+00   0.17866E+02   0.17589E+02   0.17746E+02
   0.51125E+00   0.17866E+02   0.17543E+02   0.17927E+02
   0.51175E+00   0.17773E+02   0.17571E+02   0.17882E+02
   0.51225E+00   0.17670E+02   0.17610E+02   0.17935E+02
   0.51275E+00   0.17596E+02   0.17732E+02   0.17990E+02
   0.51325E+00   0.17611E+02   0.17880E+02   0.18026E+02
   0.51375E+00   0.17636E+02   0.17908E+02   0.18014E+02
   0.51425E+00   0.17660E+02   0.18027E+02   0.18060E+02
   0.51475E+00   0.17711E+02   0.18109E+02   0.18039E+02
   0.51525E+00   0.17770E+02   0.18165E+02   0.17998E+02
   0.51575E+00   0.17856E+02   0.18067E+02   0.17908E+02
   0.51625E+00   0.17869E+02   0.18047E+02   0.17781E+02
   0.51725E+00   0.17971E+02   0.17933E+02   0.17704E+02
   0.51775E+00   0.17951E+02   0.17959E+02   0.17716E+02
   0.51825E+00   0.17992E+02   0.17944E+02   0.17724E+02
   0.51875E+00   0.18007E+02   0.17933E+02   0.17866E+02
   0.51925E+00   0.17963E+02   0.17930E+02   0.18040E+02
   0.51975E+00   0.17939E+02   0.17875E+02   0.18078E+02
   0.52025E+00   0.17892E+02   0.17752E+02   0.18000E+02
   0.52075E+00   0.17830E+02   0.17668E+02   0.18028E+02
   0.52125E+00   0.17810E+02   0.17663E+02   0.18080E+02
   0.52175E+00   0.17754E+02   0.17742E+02   0.18160E+02
   0.52225E+00   0.17716E+02   0.17806E+02   0.18180E+02
   0.52261E+00   0.17719E+02   0.17833E+02   0.18170E+02
   0.52311E+00   0.17778E+02   0.17928E+02   0.18181E+02
   0.52361E+00   0.17928E+02   0.18064E+02   0.18188E+02
   0.52411E+00   0.18069E+02   0.18140E+02   0.18177E+02
   0.52461E+00   0.18149E+02   0.18139E+02   0.18139E+02
   0.52511E+00   0.18176E+02   0.18112E+02   0.18036E+02
   0.52562E+00   0.18156E+02   0.18088E+02   0.17953E+02
   0.52612E+00   0.18137E+02   0.18060E+02   0.17902E+02
   0.52662E+00   0.18206E+02   0.18047E+02   0.17888E+02
   0.52712E+00   0.18214E+02   0.18029E+02   0.17877E+02
   0.52762E+00   0.18155E+02   0.17998E+02   0.17911E+02
   0.52812E+00   0.18138E+02   0.17961E+02   0.18000E+02
   0.52862E+00   0.18064E+02   0.17956E+02   0.18194E+02
   0.52912E+00   0.17983E+02   0.17949E+02   0.18282E+02
   0.52962E+00   0.17897E+02   0.17948E+02   0.18271E+02
   0.53012E+00   0.17859E+02   0.17954E+02   0.18288E+02
   0.53111E+00   0.17882E+02   0.18053E+02   0.18305E+02
   0.53161E+00   0.17934E+02   0.18198E+02   0.18314E+02
   0.53212E+00   0.17961E+02   0.18211E+02   0.18244E+02
   0.53261E+00   0.18044E+02   0.18182E+02   0.18142E+02
   0.53312E+00   0.18151E+02   0.18160E+02   0.17998E+02
   0.53362E+00   0.18239E+02   0.18140E+02   0.17916E+02
   0.53412E+00   0.18281E+02   0.18073E+02   0.17852E+02
   0.53512E+00   0.18310E+02   0.17998E+02   0.17883E+02
   0.53562E+00   0.18256E+02   0.17984E+02   0.17967E+02
   0.53612E+00   0.18182E+02   0.17940E+02   0.18044E+02
   0.53662E+00   0.18053E+02   0.17863E+02   0.18111E+02
   0.53712E+00   0.17897E+02   0.17857E+02   0.18248E+02
   0.53762E+00   0.17777E+02   0.17903E+02   0.18367E+02
   0.53812E+00   0.17705E+02   0.17940E+02   0.18444E+02
   0.53862E+00   0.17662E+02   0.17978E+02   0.18434E+02
   0.53912E+00   0.17713E+02   0.18066E+02   0.18335E+02
   0.53962E+00   0.17885E+02   0.18135E+02   0.18226E+02
   0.54012E+00   0.17998E+02   0.18188E+02   0.18170E+02
   0.54062E+00   0.18109E+02   0.18146E+02   0.18126E+02
   0.54112E+00   0.18273E+02   0.18137E+02   0.18055E+02
   0.54162E+00   0.18347E+02   0.18083E+02   0.17933E+02
   0.54212E+00   0.18336E+02   0.18027E+02   0.17827E+02
   0.54312E+00   0.18165E+02   0.17903E+02   0.17810E+02
   0.54362E+00   0.18093E+02   0.17828E+02   0.17889E+02
   0.54412E+00   0.18004E+02   0.17779E+02   0.18024E+02
   0.54462E+00   0.17907E+02   0.17785E+02   0.18226E+02
   0.54512E+00   0.17820E+02   0.17801E+02   0.18333E+02
   0.54562E+00   0.17743E+02   0.17790E+02   0.18311E+02
   0.54612E+00   0.17644E+02   0.17820E+02   0.18239E+02
   0.54712E+00   0.17600E+02   0.17951E+02   0.18116E+02
   0.54762E+00   0.17726E+02   0.18061E+02   0.18072E+02
   0.54812E+00   0.17871E+02   0.18177E+02   0.18008E+02
   0.54862E+00   0.17979E+02   0.18160E+02   0.17943E+02
   0.54912E+00   0.18055E+02   0.18105E+02   0.17888E+02
   0.54962E+00   0.18159E+02   0.18047E+02   0.17829E+02
   0.55012E+00   0.18167E+02   0.17978E+02   0.17771E+02
   0.55062E+00   0.18076E+02   0.17933E+02   0.17796E+02
   0.55112E+00   0.17985E+02   0.17842E+02   0.17832E+02
   0.55162E+00   0.18004E+02   0.17724E+02   0.17860E+02
   0.55212E+00   0.17951E+02   0.17665E+02   0.17906E+02
